9385
9384
9387
9386
9389
9388
9391
9390
9392
9394
9395
9396
9397
9400
9403
9404
9405
9406
9407
9415
9414
9413
9412
9411
9410
9409
9408
9423
9422
9421
9420
9419
9418
9417
9416
9428
9429
9424
9425
9438
9439
9436
9437
9434
9435
9432
9433
9445
9444
9447
9446
9440
9443
9442
9449
9448
9453
9452
9454
9451
9450
9456
6183
9461
9462
9463
9458
9459
9464
9465
9469
9470
9471
9489
9488
9480
9483
9484
9485
9486
9487
9473
9474
9475
9477
9478
9479
8471
9491
9493
4757
9496
9498
9495
9494
9501
9502
9514
9515
9512
9506
9504
9505
9510
9511
9508
9509
9520
9519
9516
9517
191
86
246
3
231
17
232
1302
183
186
108
73
332
326
269
21
310
259
359
1
340
160
358
352
382
384
386
353
393
410
412
414
434
433
526
1864
535
575
2826
612
622
631
629
636
635
574
638
1210
1211
1215
1217
1220
1224
1225
1228
1229
1230
1234
1231
1236
1240
1241
1243
860
1249
1250
1251
739
793
1256
1255
818
1257
825
3201
2449
845
1260
864
899
903
894
925
945
959
961
965
1006
1010
1012
1015
1022
1039
1057
5235
1058
1063
1078
1112
1429
1164
1161
1151
1154
1183
1185
1191
1203
1204
1209
1290
1295
1319
1328
1364
1363
1383
1387
1403
1442
1443
1453
1527
1543
1566
1568
1569
1571
1572
1591
1592
1593
1616
1605
1606
1607
1604
4795
1646
1647
1648
1659
1658
1664
1667
1670
1683
1699
1709
1715
1721
1738
1741
1742
1743
1744
1748
1775
1756
1758
2179
1785
1771
1792
1813
1824
1835
1846
1861
1880
1891
1894
1895
1896
1902
1905
3004
1908
1914
1927
1936
1948
1952
1959
7702
8876
1965
1968
1967
1972
1979
1982
1983
2002
2013
2026
2046
2050
2051
2052
2053
2054
2055
2056
2062
2069
2072
2088
2087
2084
2092
253
2107
2109
2113
2114
2119
2132
2150
2151
2168
2169
2174
2173
2184
2194
2217
2222
2224
2232
2265
3042
2297
2322
2336
2343
2346
4024
2353
2354
2355
2356
2357
2358
2350
2359
2363
2367
2371
2396
2398
2422
2426
2436
2435
2451
2463
2468
2471
2473
2483
2487
2494
2506
2521
2522
2525
2534
2557
2556
2561
2581
2593
2595
2605
2608
2611
2618
2621
2625
2632
2954
2639
2644
2657
2670
2673
2679
2691
2692
2696
4216
2704
2706
2732
2731
2740
2744
2751
2778
2790
2810
2816
2824
2861
2868
2876
2878
3979
2886
2887
2888
2908
2924
2920
2921
2923
2931
2989
2995
3002
2998
3030
3039
3062
3148
3063
3064
3085
3097
3092
3091
3070
3077
3078
3080
3099
3100
3120
3157
3128
3150
3160
3224
3162
3168
3173
3183
3184
3190
3209
3210
3219
3220
3257
3233
3236
3251
3253
3255
3247
3248
3259
3267
3268
3322
3287
3318
3286
3306
3273
3283
3294
3295
3330
3312
3383
3315
3316
3493
3329
3342
3343
3345
3347
3348
3349
3351
3354
3374
3402
3371
3381
3547
3461
3463
3472
3477
3479
3486
3526
3552
3531
3544
3664
3549
3610
3568
3572
3573
3574
3601
3641
3578
3583
3599
3585
3587
3666
3618
3628
3644
3660
3665
3668
3714
3706
3679
3688
3691
3703
3712
3726
3744
3749
3790
3742
3757
3756
3809
3766
3782
3776
3798
3804
3858
4139
3829
3851
3861
3868
3872
3885
3895
3893
3925
4419
3915
3918
3929
3983
3939
3937
3993
3997
3947
3952
4014
1941
3998
4004
4009
4036
4016
4025
4027
4040
4041
4038
4072
4073
4077
4082
4089
4094
4097
4102
4103
4106
4107
4111
4120
4127
4144
4137
4171
4153
4176
4416
4246
4224
4229
4194
4242
4283
4285
4386
4318
4332
4353
4334
4360
4398
4497
4442
4502
4639
4428
4435
4454
4458
4563
4521
5033
4517
4609
4540
4536
4537
4572
4708
4574
4620
4560
4589
4602
4681
4625
4627
4623
4674
4706
4683
4719
4684
4690
4701
4703
4715
4725
4732
4734
4744
4809
4791
4796
4799
4811
4815
4824
4838
4842
4853
4863
4876
4877
4879
4885
4888
4889
4901
5239
4934
4958
5052
4960
5106
5047
5045
5093
5261
5066
5158
5081
5128
5388
5070
5104
5072
5094
5107
5090
5077
5127
5102
5117
5129
5130
5164
5142
5149
5174
5180
5192
5402
5236
5217
5258
5222
5241
5255
5247
5259
5281
5307
5321
5322
5309
5401
5522
5507
5452
5458
5523
5468
5471
5500
5514
5524
5612
5546
5540
5548
5564
5581
5604
5616
5622
5638
5641
5629
5667
5666
5786
5711
5707
5709
5716
5727
72
5739
5735
5785
5757
5765
5780
5826
5803
5851
5824
5876
5896
5928
5931
5959
5960
5989
5979
5995
6012
6038
6075
6101
6122
6097
6114
6096
6125
6177
6176
6179
6185
6215
6225
6233
6232
6235
6237
6244
6256
6273
6281
6282
6354
6355
6361
6341
6344
6343
6446
6384
6419
6401
6373
6377
6443
6454
6414
6403
6479
6464
6516
6513
6537
6467
6506
6523
6530
6482
6486
6502
6515
6536
6518
6475
6527
6490
6459
6524
6514
6519
6540
6630
6579
6774
6605
6671
6582
6681
6680
6546
6588
6696
6767
6683
6600
6646
6576
6691
6594
6615
6557
6806
6741
6786
6761
6801
6667
6609
6739
6677
8223
8502
8585
8623
8700
8764
9093
9256
6920
6845
6876
6906
6878
6835
6880
6912
6857
6896
6848
6871
6868
6897
6882
6859
6901
6851
7047
6981
7044
6983
6961
6975
7100
7027
6976
6942
7130
7163
7158
7151
7195
7236
7265
7280
7274
7281
7301
7343
7332
7336
7349
7346
7348
7360
7378
7385
7405
7404
7396
7408
7412
7415
7450
7494
7492
7530
7540
7538
7547
7544
7550
7559
7580
7594
7607
7615
7631
7632
7652
7679
7674
7739
7777
7776
7793
7812
7814
7808
7809
7830
7824
7836
7845
7873
7874
7779
7901
7917
7947
7945
7961
7970
7975
7983
7891
8000
8009
8006
8014
8013
8043
8045
8050
8056
8075
8081
8122
8137
8143
8168
8171
8181
8203
8243
8257
8251
8262
8312
5318
5334
5335
5325
5324
5347
5336
5339
5343
5363
5393
5360
5508
5346
5364
5392
5370
5362
5367
5349
5366
5359
5356
5357
5354
5361
5369
5407
5386
5372
5614
5387
5397
5383
5398
5380
5389
5403
5408
5406
5520
5418
5405
5415
5411
5421
5444
5413
5427
5412
5464
5465
5416
5419
5445
5422
5423
5426
5424
5429
5431
5432
5434
5437
5435
5443
5462
5447
5438
5460
5439
5440
5446
5466
5448
5449
5450
5451
5496
5455
5454
5467
5463
5513
5470
5477
5476
5475
5474
5473
5478
5480
5481
5482
5483
5484
5490
5491
5493
5494
5495
5501
5502
5504
5505
5503
5506
5509
5511
5516
5525
5526
5527
5538
5537
5536
5535
5539
5533
5532
5531
5541
5613
5585
5558
5545
5547
5584
5542
5544
5606
5555
5554
5551
5550
5573
5572
5570
5569
5565
5568
5567
5566
5574
5563
5571
5576
5582
5579
5580
5575
5578
5583
5586
5587
5591
5592
5593
5594
5595
5596
5597
5598
5603
5601
5609
5615
5618
5619
5634
5637
5639
5640
5628
5630
5631
5632
5625
5626
5627
5646
5644
5643
5642
5651
5649
5650
5648
5658
5654
5652
5653
5657
5655
5660
5661
5665
5674
5679
5680
5675
5672
5670
5677
5678
5689
5690
5688
5685
5686
5694
5692
5693
5721
5698
5704
5705
5706
5708
5712
5713
5737
5722
5779
5787
5801
5741
5752
5753
46
2190
213
192
204
319
254
376
380
531
2191
907
1074
1077
1134
1170
1201
1202
1289
1380
1509
1700
1786
1926
1933
2167
2267
2538
2552
2710
5808
5662
5751
5328
5306
5805
5442
5410
5841
5724
5717
5802
5744
5725
5728
5726
5754
5732
5733
5731
5729
5734
5742
5778
5790
5756
5784
5782
5874
5815
5758
5760
5761
5762
5763
5777
5770
5771
5772
5773
5775
5776
5788
5793
5783
5767
5768
5769
5781
5829
5809
5812
5817
5794
5857
5820
5875
5870
5839
5810
5821
5822
5823
5825
5840
5850
5872
5837
5863
5879
5827
5838
5856
5832
5833
5834
5835
5830
5846
5853
5836
5831
5852
5877
5842
5843
5844
5845
5862
5861
5858
5854
5873
5868
5888
5887
5889
5880
5885
5886
5895
5902
5906
5905
5899
5915
5909
5910
5914
5907
5908
5911
5913
5916
5918
5917
5922
5927
5924
5923
5932
5930
5933
5934
5935
5936
5940
5937
5938
5939
5941
5942
5949
5945
5944
5948
5950
5956
2574
5966
5965
5967
5963
5964
5968
5973
5972
5971
5970
5974
5984
5985
5977
5981
5982
5983
5986
5987
5988
5990
5991
5980
5993
5992
5978
5994
6002
5996
5999
5998
6004
6005
6010
6006
6013
6009
6011
6007
6008
6014
6023
6020
6021
6022
6024
6016
6017
6025
6028
6027
6029
6034
6026
6031
6032
6042
6041
6040
6044
6043
6046
6047
6048
79
6052
6053
6054
6059
6063
6062
6061
6060
6074
6079
6066
6085
6065
6076
6068
6078
6070
6071
6077
6080
6072
6073
6084
6087
6086
6118
6117
6095
6116
6099
6150
6100
6092
6094
6121
6139
6093
6124
6090
6128
6164
6091
6104
6103
6102
6108
6109
6110
6127
6105
6149
6146
6123
6142
6120
6160
6154
6151
6155
6147
6136
6126
6141
6148
6140
6129
6130
6131
6134
6135
6137
6138
6133
6132
6144
6145
6143
6159
6157
6161
6163
5764
6171
6175
6173
6172
6167
6166
6168
6170
6178
1544
1773
5943
6199
6189
6035
6194
6180
6196
6198
6186
6188
6181
6184
6190
6187
6200
6191
6206
6204
6203
6211
6212
6210
6214
6218
6220
6216
6217
6213
6221
6226
6224
6222
6223
6227
6231
6228
6229
6236
6239
6240
6241
6246
6245
6243
6248
6251
6250
6254
6252
6253
6260
6261
6262
6263
6268
6274
6272
6275
6270
6271
6278
6279
6277
6276
6283
6285
6286
6287
6292
6291
6345
6359
6363
6335
6338
6336
6340
6348
6350
6357
6329
6330
6342
6358
6347
6332
6360
6364
6337
6351
6339
6333
6349
6352
6331
6356
6316
6365
6450
6421
6380
6393
6385
6407
6378
6412
6406
6386
6430
6368
6395
6411
6376
6442
6399
6396
6438
6394
6436
6408
6390
6409
6388
6418
6367
6415
6392
6397
6447
6440
6420
6375
6398
6423
6427
6402
6374
6435
6437
6371
6449
6453
6441
6426
6391
6413
6405
6387
6416
6428
6431
6425
6400
6448
6505
6504
6491
6480
6468
6501
6517
6511
6521
6473
6526
6533
6477
6484
6503
6465
6469
6461
6493
6499
6466
6478
6456
6470
6476
6481
6510
6472
6455
6474
6494
6485
6498
6497
6520
6496
6507
6492
6541
6686
6799
6817
6565
6780
6709
6768
6673
6659
6610
6812
6591
6617
6572
6744
6717
6589
6756
6811
6750
6770
6795
6621
6752
6690
6693
6800
6593
6764
6728
6765
6794
6809
6703
6740
6584
6753
6790
6661
6805
6643
6567
6666
6775
6798
6776
6544
6645
6715
6710
6781
6701
6807
6718
6655
6545
6748
6649
6810
6724
6555
6627
6803
6599
6679
6708
6664
6815
6714
6558
6607
6622
6789
6772
6569
6682
6737
6548
6620
6660
6562
6631
6581
6640
6644
6791
6575
6556
6648
6766
6561
6716
6694
6779
6773
6727
6746
6583
6751
6658
6712
6636
6612
6571
6633
6742
6606
6704
6697
6755
6552
6722
6628
6619
6597
6684
6550
6719
6598
6553
6642
6725
6687
6560
6616
6688
6699
6778
6819
6820
6726
6590
6777
6614
6573
6785
6577
6587
6802
6613
6570
6662
6638
6657
6635
6665
6547
6731
6678
6574
6652
6743
6623
6763
6702
6745
6654
6563
6656
6641
6730
6668
6580
6603
6782
6732
6754
6559
6674
6585
6707
6611
6706
6596
6629
6568
6618
6608
6675
6549
6723
6736
6804
6564
6762
6604
6672
6738
6634
6669
6698
6760
6653
6685
6797
6787
7711
7706
7707
7705
7722
7720
7716
7731
7753
7752
7754
7757
7756
7744
8026
8024
8080
8087
8098
8117
8131
8128
8219
8218
8217
8222
8221
8220
8227
8272
8279
8294
8353
8357
8361
8360
8374
8399
8412
8413
8410
8421
8445
8446
8465
8475
8479
8561
8567
3167
8584
8592
8600
8601
8619
13
5659
175275
245572
245724
3054
6451
6551
6822
260419
260443
260481
11477
11999
12000
12001
12002
12003
12004
12007
12008
12009
12010
12011
12012
12013
12014
12015
12016
12017
12018
12019
12024
12025
12027
12028
12029
12030
12031
12032
12033
12034
12035
12036
12037
12038
12039
12040
12041
12046
12047
12048
12049
12050
12051
12052
12053
12055
12056
12057
12058
12059
12060
12061
12062
12063
12064
12065
12066
12068
12069
12070
12071
12072
12073
12074
12075
12076
12077
12078
12079
12080
12081
12082
12083
12087
12088
12089
12090
12091
12092
12093
12094
12095
12096
12097
12098
12099
12100
12101
12102
12103
12104
12105
12107
12108
12110
12111
12112
12114
12115
12116
12117
12118
12119
12120
12122
12123
12124
12125
12126
12127
12128
12129
12130
12131
12132
12133
12134
12135
12136
12137
12138
12139
12140
12141
12142
12143
12144
12145
12148
12149
12150
12152
12153
12154
12156
12157
12158
12159
12160
12162
12163
12164
12165
12166
12167
12168
12171
12172
12176
12177
12178
12179
12180
12182
12183
12185
12186
12191
12193
12194
12195
12198
12199
12201
12202
12203
12204
12208
12209
12210
12211
12215
12216
12217
12218
12219
12220
12221
12222
12225
12226
12227
12229
12230
12235
12236
12237
12238
12239
12243
12244
12245
12247
12249
12251
12252
12253
12255
12256
12259
12260
12261
12262
12263
12264
12265
12266
12267
12268
12272
12273
12274
12275
12288
12289
12301
12302
12303
12307
12308
12309
12320
12334
12336
12343
12363
12364
12370
12371
12402
12404
12405
12406
12408
12409
15042
15189
15195
26237
37935
40717
40778
40991
41019
49447
49490
84226
84257
98671
52712
52718
107504
52719
131204
84520
133961
133983
15104
174919
175115
175129
175132
175168
175193
15202
116602
14917
201383
201429
201448
131303
98874
84538
245760
119485
13896
245399
257189
260037
260215
260300
7186
7194
7190
7204
7212
7214
7219
7215
7216
7213
7221
7218
7217
7211
7220
7234
7226
7233
7224
7223
7230
7229
7225
7235
7239
7232
7238
7222
7228
7246
7245
7242
7240
7244
7241
7254
7250
7248
7262
7255
7257
7258
7260
7247
7251
7261
7252
7271
7266
7268
7264
7263
7270
7267
7269
7278
7275
7282
7287
7279
7277
7276
7283
7288
7296
7289
7291
7295
7290
7293
7294
7309
7303
7302
7306
7299
7305
7308
7297
7307
7304
7311
7312
7314
7310
7313
7319
7323
7318
7322
7320
7317
7321
7326
7331
7330
7328
7325
7340
7335
7333
7339
7338
7324
7337
7342
7341
7327
7347
7345
7344
7351
7354
7352
7355
7358
7359
7357
7179
7249
7373
7368
7369
7372
7253
7367
7370
7363
7361
7362
7364
7374
7375
7383
7381
7376
7379
7391
7393
7387
7392
7386
7402
7407
7398
7406
7399
7400
7394
7395
7403
7401
7397
7409
7411
7416
7420
7423
7421
7418
7424
7419
7425
7432
7429
7427
7430
7428
7426
7439
7444
7446
7442
7435
7436
7443
7433
7440
7441
7452
7451
7460
7462
7458
7459
7454
7448
7449
7457
7453
7464
7463
7465
7466
7468
7471
7469
7470
7467
7472
7477
7475
7480
7479
7478
7474
7481
7486
7482
7483
7484
7485
7488
7507
7487
7503
7504
7491
7493
7496
7501
7505
7490
7506
7509
7495
7497
7502
7498
7512
7515
7511
7518
7517
7522
7516
7520
7519
7523
7524
7527
7525
7541
7533
7531
7534
7537
7528
7532
7529
7543
7554
7551
7548
7552
7546
7549
7556
7560
7557
7561
7566
7569
7563
7564
7562
7565
7568
7577
7579
7574
7578
7584
7583
7582
7585
7586
7587
7599
7589
7590
7591
7595
7596
7598
7601
7603
7602
7605
7604
7606
7609
7611
7610
7612
7614
7622
7619
7630
7628
7629
7627
7624
7625
7638
7637
7636
7635
7634
7633
7642
7647
7646
7644
7643
7648
7649
7650
7653
7654
7655
7660
7661
7662
7663
7656
7657
7658
7659
7669
7668
7671
7670
7665
7664
7667
7666
7677
7676
7678
7673
7672
7675
7684
7681
7683
7700
7698
7693
7692
7695
7694
7689
7688
7691
7690
7687
7686
5320
2131
3523
3821
1059
288
7726
7725
7719
7714
7713
7712
7745
7746
7743
7740
7741
7736
7737
7732
7733
7751
7768
7769
7771
7772
7760
7761
7763
7764
7765
7767
7759
7758
7773
7774
7775
7794
7792
7786
7785
7784
7791
7789
7788
7778
7783
7782
7781
7780
7796
7802
7803
7800
7801
7804
7799
7797
7813
7810
7816
7807
7820
7817
7819
7829
7828
7831
7825
7826
7837
7839
7838
7833
7835
7822
7844
7842
7843
7841
7856
7846
7847
7854
7855
7852
7853
7850
7849
7872
7875
7876
7877
7862
7861
7859
7871
7870
7869
7868
7867
7866
7865
7864
7879
7880
7881
7882
7883
7885
7886
7889
7893
7892
7894
7897
7896
7898
7887
7721
7899
7900
7902
7906
7907
7904
7905
7910
7911
7908
7909
7912
7914
7915
7913
7916
7923
7922
7921
7927
7926
7925
7924
7929
7928
7918
7919
7851
7930
7931
7935
7934
7932
7946
7944
7942
7941
7939
7938
7937
7951
7950
7949
7962
7960
7959
7957
7954
7955
7952
7967
7965
7963
7968
7943
7977
7976
7979
7978
7973
7974
7971
7981
7992
7993
7994
7988
7989
7990
7984
7985
7987
7790
7996
7997
7998
7999
8010
8008
8002
8007
8005
8004
8012
7920
7840
5859
2270
3230
4913
1560
2572
3810
6749
7038
5617
4764
4998
7198
7127
5390
7388
7641
7639
7696
7703
7708
7709
7710
7723
7730
7747
7748
7750
7734
7735
7770
7620
4827
4844
5828
7473
8015
8025
8028
8029
8018
8019
8016
8017
8020
8021
8030
8031
8033
8032
8035
8034
8037
8038
8041
8042
8039
8047
8048
8049
8052
8053
8055
7243
7980
8064
8065
8057
8058
8059
8060
8061
8062
8063
8067
8073
8070
8076
8077
8072
2085
6788
8086
8084
8083
8088
3982
8095
8094
8092
8091
8090
8100
8101
8102
8103
8097
8099
8104
8108
8109
8110
8106
8107
8113
8115
2722
8116
8119
8121
8120
3430
8130
8129
8133
8125
8124
8126
8135
8138
8139
8136
8142
8141
8144
8169
8167
8170
8147
8146
8145
8151
8150
8149
8148
8155
8154
8153
8152
8157
8156
8160
8161
8163
8164
8165
8166
8172
8173
8174
8177
8176
8178
8180
7617
8183
12232
12241
12246
12250
12269
12286
12287
12300
12318
12319
12342
12361
12362
12401
12403
14882
15191
20918
26203
37894
49359
83986
84043
84049
98624
49275
84501
131103
104933
174981
175131
175313
14709
116582
198456
14660
10870
10871
10872
10873
10875
10876
10877
10878
10879
10880
10881
10883
10884
10885
10886
10887
10888
10889
10890
10891
10892
10894
10895
10896
10897
10898
10899
10900
10901
10902
10903
10904
10905
10906
10908
10909
10910
10911
10912
10913
10914
10915
10916
10917
10918
10919
10920
10921
10923
10924
10926
10927
10928
10929
10930
10931
10932
10084
10934
10935
10936
10937
10938
10939
10940
10941
10942
10943
10944
10945
10946
10947
10948
10949
10950
10951
10952
10953
10954
10955
10956
10957
10958
10959
10960
10961
10962
10965
10966
10967
10969
10970
10972
10973
10981
10983
10984
10992
10993
10994
10995
10996
10997
10998
10999
11000
11001
11002
11003
11007
11008
11011
11012
11013
11014
11015
11016
11017
11018
11019
11020
11021
11030
11031
11032
11033
11034
11035
11036
11037
11038
11039
11040
11041
11042
11045
11046
11048
11049
11050
11051
11052
11054
11056
11057
11058
11059
11060
11061
11062
11063
11068
11069
11070
11073
11074
11075
11076
11077
11078
11082
11084
11085
11086
11087
11088
11089
11090
11091
11092
11093
11094
11095
11096
11097
11098
11099
11100
11101
11102
11104
11105
11109
11110
11111
11112
11113
11114
11115
11118
11179
11180
11181
11182
11183
11184
11185
11186
11187
11188
11189
11190
11191
11192
11193
11194
11195
11196
11197
11198
11199
11200
11201
11202
11203
11204
11205
11206
11207
11209
11210
11211
11212
11213
11214
11215
11216
11217
11218
11219
11220
11221
11222
11223
11225
11226
11228
11229
11230
11231
11232
11233
11234
11235
11236
11237
11238
11239
11240
6850
6929
7201
7259
7273
7535
7536
7545
7573
7581
7618
7697
7863
7857
7884
7888
7933
7972
7729
8066
8071
1689
8114
8140
8185
8216
8233
8303
8310
8340
8396
8467
8469
8478
8495
8506
8533
8527
8555
8588
8599
8632
8648
8651
8683
8754
8776
8827
8849
8854
8886
8908
8918
8919
8941
8997
9060
9085
9096
9100
9103
9157
9170
9185
9237
9250
9288
9266
9282
9374
9398
9399
9426
9441
9455
9468
9490
9492
9499
9513
914
2795
6969
9527
9558
9548
9546
9584
9602
9609
9618
9677
9702
9716
9719
9732
9756
960
9668
7285
9401
6369
9841
7640
9733
4626
9923
1848
6460
1564
9938
1892
3242
9957
9964
3690
9971
9976
9994
2099
3223
3225
4699
4832
10006
10003
1949
1987
2475
5912
5954
10028
10036
10048
5428
10051
10059
10060
10069
10068
10071
10070
10061
10062
10063
1333
10099
10098
10097
10103
10102
10100
10090
10091
10088
10089
10094
10095
10092
10093
10087
10107
10105
10110
10116
10113
3261
3528
3723
23
3480
4423
4898
5038
6663
10164
10160
10161
10174
10175
10172
10151
10149
10147
10146
10145
10144
10159
10158
10157
10156
10155
10154
10152
10132
10133
10134
10135
10128
10129
10130
10131
10140
10141
10142
10143
10136
10137
10138
10139
10119
10125
10127
10126
10121
10123
10122
10226
10224
10225
10230
10231
10228
10229
10234
10235
10232
10233
10238
10239
10236
10237
10211
10210
10208
10215
10214
10213
10219
10218
10217
10216
10223
10222
10221
10192
10193
10194
10195
10196
10197
10199
10200
10201
10202
10203
10204
10206
10207
10179
10181
10180
10183
10182
10185
10187
10188
10191
10190
10462
10463
10460
10458
10459
10456
10457
10454
10455
10452
10453
10450
10448
10449
10447
10446
10445
10444
10441
10440
10439
10438
10437
10436
10435
10433
10432
10492
10493
10494
10488
10489
10490
10491
10484
10485
10486
10487
10480
10481
10482
10483
10477
10476
10479
10478
10473
10472
10475
10474
10469
10468
10471
10470
10465
10399
10396
10397
10666
10933
11010
11064
11065
11066
11067
11079
11080
11081
11083
11117
11120
11121
11122
11123
11124
11125
11127
11129
11131
11132
11133
11134
11135
11136
11137
11139
11140
11141
11142
11143
11144
11145
11146
11147
11149
11150
11151
11152
11153
11154
11156
11157
11158
11159
11160
11161
11162
11163
11164
11165
11166
11167
11168
11169
11170
11171
11172
11173
11175
11176
11177
11178
9879
11243
11244
11245
11246
11247
11248
11249
11250
11251
11252
11254
11255
11256
11257
11258
11259
11260
11261
11262
11264
11265
11266
11267
11268
11269
11270
11271
11272
11273
11274
11276
11277
11278
11279
11280
11281
11283
11284
11286
11287
11288
11289
11290
2678
11291
11294
11295
11296
11297
11298
11299
11300
6058
7715
11303
11304
7738
11306
11307
11308
576
10464
7384
11312
11313
11314
632
1346
1376
2117
2437
2500
2788
2823
3515
4001
4622
4634
4698
4714
5075
5358
5623
1806
7051
1782
3627
3779
4695
5676
5900
6483
10322
10300
6829
6843
7284
8105
8466
2508
10844
11352
11353
11355
11356
11357
11358
11360
11361
11362
11363
11364
11365
11366
11368
11369
11370
11371
11373
11374
11375
11377
11378
11379
11380
11381
11382
11383
11384
11385
11386
11387
11388
11390
11391
11392
11393
11394
11395
11396
11398
11399
11400
11401
11402
11403
11405
11406
11408
11409
11410
11411
11412
11413
11414
11415
11416
11417
11418
11419
11421
11422
11423
11424
11425
11427
11428
11430
11431
11432
10907
10925
10205
10461
11055
11310
7995
11434
11435
11436
11437
11438
11439
11440
11285
4858
7787
11443
11444
11445
11446
11447
11448
11449
11263
9167
11451
11452
9523
9457
11455
11456
11457
11458
11459
11460
11461
11044
11462
11463
11464
11465
11466
11468
11469
11470
11471
10728
11473
11475
11476
11478
11479
11480
11481
11482
11483
11397
11484
11485
11486
11487
11116
2576
10691
11491
11493
11494
11495
11496
276
11500
11501
11502
11503
11504
11505
11506
11507
9809
10683
11510
11511
11512
11513
11514
11515
11516
11517
11518
11519
11520
11521
11522
5969
11524
11525
11526
3052
11528
11529
11530
11531
11532
11533
11534
11535
11536
11537
11538
11539
11540
11541
11543
11103
11490
8872
11546
11547
11548
11549
11550
11551
3554
4172
11554
11555
11556
11557
11558
11559
11562
11563
11564
11565
11566
11567
11568
11569
11570
10706
11572
11573
11574
11575
11576
11577
11474
11578
11579
11581
11582
11583
3244
3364
3278
3281
3264
3280
3323
3274
3269
3270
3285
3319
3325
3282
3292
3304
3303
3289
3324
3299
3297
3298
3305
3300
3301
3307
3309
3310
3311
3335
3326
3321
3317
3355
3331
3333
3352
3361
3332
3357
3341
3340
3344
3350
3377
3382
3378
3359
3392
3368
3372
3376
3384
3395
3380
3816
3397
3385
3393
3394
3389
3555
3409
3432
3403
3407
3422
3431
3408
3421
3416
3440
3433
3427
3525
3510
3434
3437
3476
3436
3435
3441
3444
3443
3445
3454
3455
3453
3459
3458
3457
3460
3468
3469
3466
3471
3473
3478
3488
3483
3519
3500
3501
3491
3887
3492
3511
3487
3496
3494
3540
3603
3497
3505
3527
3508
3566
3612
3522
3518
3517
3532
3533
3541
3591
3558
3640
3614
3550
3653
3602
3548
3565
3556
3633
3647
3592
3570
3682
3608
3575
3576
3593
3580
3584
3586
3588
3670
3604
3605
3606
3611
3616
3652
3676
3721
3634
3615
3619
3621
3622
3623
3620
3642
3630
3631
3637
3657
3645
3655
3658
3752
3674
3648
3649
3650
3651
3678
3661
3662
3663
3822
3722
3735
3713
3680
3748
3695
3834
3696
3683
3684
3685
3704
3719
4201
3707
3709
3767
3710
3724
3711
3727
3731
3708
3732
3733
3780
3751
3736
3773
3754
3758
3746
3786
3738
3737
3741
3763
3987
3968
3774
3899
3823
3781
3788
3799
3789
3833
3797
3800
3801
3802
3808
3818
3842
3811
3812
3813
3832
3826
3894
3846
3831
3839
3847
3924
3867
3852
3853
3970
3875
3870
4087
4032
3963
3859
3874
3871
3896
3864
3904
3882
3877
3878
3879
3880
3886
3912
3907
3888
3940
3905
3891
3889
3890
3901
3897
3903
3902
4118
4003
3909
3956
3913
3914
3933
3926
3928
3942
3951
3938
3935
3936
3945
3946
3950
3964
3953
3955
3967
3958
4034
3965
3990
3971
3975
3976
3977
3985
3996
3999
4000
4002
4005
4006
4007
4008
4010
4011
4012
4013
4017
4018
4019
4023
4021
4022
4042
4037
4050
4044
4046
4043
4056
4058
4057
4054
4071
4068
4067
4076
4078
4079
4090
4092
4099
4098
4101
4105
4108
4113
4114
4115
3415
4142
4189
4570
4129
4399
4150
4122
4123
4124
4126
4143
4190
4133
4132
4134
4262
4186
4151
4149
4175
4160
4138
4228
4155
4177
4147
4148
4183
4162
4193
4163
4165
4173
4187
4213
4199
4208
4202
4254
4191
4210
4245
4203
4425
4243
4195
4247
4257
4225
4212
4204
4205
4206
4232
4429
4231
4215
4256
4219
4220
4227
4253
4233
4235
4238
4239
4299
4250
4255
4912
4288
4284
4576
4249
4252
4297
5669
4265
4337
4292
4275
4263
4268
4270
4271
4272
4278
4287
4282
4298
4302
4303
4305
4319
4489
4323
4385
4320
4327
4330
4315
4304
4328
4354
4311
4317
4316
4336
4417
5590
4338
4340
4342
4343
4344
4345
4346
4347
4348
4349
4382
4356
4418
4369
4367
4479
4374
4380
4421
4408
4390
4397
4364
4371
4372
4365
4384
4370
4375
4376
4379
4378
4387
4453
4396
4394
4395
4402
4403
4405
4406
4413
4415
4430
4486
4411
4424
4433
4422
4420
4444
4436
4456
4459
4457
4481
4480
4439
4773
4437
4443
4520
4452
4491
4515
4513
4460
4630
4462
4464
4465
4466
4468
4470
4472
4473
4482
4474
4475
4476
4477
4478
4499
4611
4483
4514
4554
4500
4487
4495
4493
4485
4512
4492
4546
4488
4507
4494
4498
4519
4516
5034
4539
4562
4523
4524
4525
4527
4528
4529
4530
4531
4538
4545
4553
4548
4569
4555
4550
4561
4711
4559
4565
4618
4573
4638
4617
4614
4577
4579
4580
4583
4584
4585
4586
4588
4591
4592
4593
4594
4595
4596
4598
4599
4600
4601
4616
4608
4925
4762
4687
4610
4612
4619
4628
4621
4624
4644
4631
4633
4635
4688
4700
4645
4646
4650
4731
4648
4689
4675
4647
4651
4652
4653
4654
4655
4656
4658
4659
4660
4663
4664
4665
4666
4669
4670
4671
4672
4692
4694
4682
4680
4721
4693
4696
4702
4717
4716
4722
4887
4713
4724
4726
4730
4837
4733
4753
4754
4736
4761
4748
4803
4778
4749
4786
4777
4804
4755
4756
4765
4766
4767
4768
4769
4770
4771
4758
4763
4779
4780
4783
4787
4788
4789
4790
4797
4798
4800
4814
4825
4816
4822
4823
4821
4820
4819
4818
4817
4826
4829
4833
4831
4834
4835
4836
4839
4841
4845
4846
4847
4851
4852
4856
4857
4859
4860
4861
4862
4864
4865
4866
4867
4868
4872
4871
4870
4869
4873
4874
4875
4884
4882
4883
4886
4890
4891
4893
4946
4895
4909
4892
4896
4907
5009
4981
5163
4894
4916
4969
4899
4900
4902
4903
4910
4926
4923
4911
4917
4918
4919
4921
4922
4943
4930
5005
4929
4938
4939
4940
4942
4959
4945
4948
4944
4964
4950
5010
5011
4952
4951
4957
5007
5108
4999
4993
4989
4975
4974
4986
5453
4992
4963
4962
5012
5022
5021
5018
4967
5025
4984
4985
4991
4987
5185
5153
4994
5044
4995
4996
5002
5003
4997
5016
5017
5000
5001
5004
5031
5013
5014
5020
5050
5023
5053
5024
5026
5042
5041
5037
5067
5084
5046
5049
5115
5048
5051
5054
5055
5057
5068
5069
5064
5082
5237
5170
5083
5085
5095
5071
5073
5074
5076
5079
5080
5088
5234
5096
5097
5116
5103
5112
5113
5119
5140
5121
5137
5124
5138
5125
5156
5131
5171
5132
5141
5144
5145
5154
5249
5146
5134
5139
5155
5147
5150
5189
5160
5159
5186
5182
5175
5176
5177
5187
5183
5178
5188
5179
5184
5245
5194
5294
5206
5191
5214
5193
5212
5213
5303
5195
5205
5201
5211
5200
5202
5196
5197
5198
5209
5216
5292
5229
5233
5227
5221
5219
5218
5220
5223
5224
5228
5231
5232
5248
5271
5260
5267
5251
5252
5254
5262
5263
5264
5268
5274
5275
5327
5344
5304
5283
5337
5289
5300
5278
5302
5298
5279
5287
5299
5277
5276
5288
5391
5284
5301
5319
5399
5282
5316
5280
5290
5291
5296
5312
5382
5330
5332
5313
5351
5308
5400
5350
5315
5317
5338
5323
101
324
10
311
78
297
339
56
316
15
292
9
7728
7727
3196
3581
265
250
194
150
30
164
199
67
341
28
1757
242
301
291
200
315
266
278
14
1076
141
286
1665
175
345
98
16
37
179
329
140
263
2431
33
20
189
224
187
36
221
181
235
257
111
239
351
103
155
219
328
1881
320
22
3082
283
104
1086
127
389
281
50
19
27
12
230
138
144
81
3197
170
8334
8333
9289
1798
6
137
234
130
75
404
233
1847
229
225
80
2058
177
25
272
237
10991
11004
11311
9472
11498
11499
162
12299
322
333
314
350
330
327
11
45
349
344
336
335
334
123
271
116
109
252
296
122
121
118
298
125
260
42
268
2160
149
2
143
165
63
69
309
113
223
112
270
342
285
180
290
217
222
92
102
5
299
390
371
357
360
361
362
363
364
365
366
367
2023
369
378
375
370
381
377
208
408
420
416
419
437
438
439
436
435
422
417
418
424
426
429
430
906
440
460
527
525
524
533
530
536
558
560
559
577
5208
597
4980
613
264
633
630
634
1213
1214
1216
1218
1219
1221
1223
1226
1227
1233
1235
1237
1238
1239
1242
1244
1245
1246
1248
681
682
683
735
737
4086
790
1963
924
792
1199
1258
827
843
844
847
848
846
1259
863
866
861
862
897
898
900
901
902
904
910
908
909
896
911
912
927
962
963
970
971
972
973
1262
1263
993
994
995
996
992
991
990
989
1265
1266
1013
1011
1028
1029
1030
1036
1037
1038
1042
621
1046
1049
1054
1060
1062
1070
1073
1080
1081
1082
1083
1095
1108
1121
1113
1149
1148
1150
1159
1153
1157
1156
1152
1147
1160
1158
1163
1167
1181
1188
1187
1193
1190
1208
1252
4941
4968
1269
1296
1287
1294
1298
1300
1301
1305
1309
1307
1312
1314
1315
1317
1318
1322
1324
1332
1338
1341
1342
1347
1351
1352
1361
1354
1355
1362
1382
1390
1394
1396
1399
1408
1409
1419
1430
1431
1441
1437
1444
1447
1445
1446
1448
1452
1470
1483
1484
1485
2181
2182
1492
1522
1498
4854
1519
1525
1526
1528
1529
1573
1548
1597
1556
1563
1565
1580
1574
1589
1595
1627
1618
1619
1636
1644
1645
1643
1655
1656
1669
1675
1681
1682
1694
1688
1687
1693
1692
1696
1697
1704
1706
1710
1713
1726
1727
1733
1745
1752
1739
1740
1747
2180
1754
1755
1761
1759
1760
1784
1805
1810
1809
1807
1822
1827
1828
4093
4169
5273
1840
1841
1842
1843
1844
1850
1859
1860
1863
1870
1872
1871
1904
1882
1884
1890
1893
1898
1900
1901
1913
1921
1925
1928
1934
1931
1939
1943
1942
1950
1951
1953
1954
1955
1961
7755
8079
8225
8226
8331
8346
8516
8664
8706
9015
9014
9059
7079
9291
9299
9273
9274
9276
282
245
119
120
171
32
379
625
1247
865
887
1288
1379
1389
1449
1554
1628
1783
1944
9564
9713
10117
10176
10178
10443
10342
10513
10581
10588
4047
10602
10603
10614
10613
2545
10628
10623
10622
10620
3530
10698
6018
1960
1962
1964
1976
1978
1973
1989
1988
2000
2001
2003
2560
2006
2011
2025
2015
2017
2018
2029
2031
2028
2034
2032
2049
2068
2059
2060
2067
2073
2074
2080
2090
2091
2093
2094
2096
2105
2104
2110
2120
2118
2115
2116
2130
2134
2135
2137
2149
2156
2154
2162
2165
2166
2170
2171
2172
2186
2193
2207
2208
2210
2213
2215
2218
2220
2230
2234
2240
2241
2245
2247
2250
2249
2254
2261
2259
2262
2271
2274
2273
2290
2291
2293
2300
2299
2301
2304
2308
2321
2309
2310
2320
2325
2326
2329
2337
2338
2443
2349
2362
2361
2364
2373
2372
2370
2375
2387
2390
2389
2395
2399
2402
2421
2424
2425
2427
2434
2433
2432
2438
2441
2440
71
2461
905
2840
1308
1518
1826
11316
11336
11347
11348
11349
11350
11351
11690
1264
1369
11737
11751
11793
11845
11890
11894
11896
11899
11900
11901
11903
11908
11915
11930
11933
5952
8132
12257
12276
12277
12278
12279
12280
12281
12282
12283
12285
12290
12291
12292
12293
12294
12295
12296
12297
12298
12335
4182
2453
2454
2457
2464
2469
2470
2479
2488
2490
2489
2497
2499
2501
2504
2507
2517
2516
2524
2537
2539
2542
2548
4649
2558
2563
2564
2571
2575
2580
2582
2583
2585
2587
2597
2598
2602
2606
2609
2613
2620
2619
2624
2629
2633
2635
2636
2637
2638
2643
2647
2653
2652
2654
2655
2663
2664
2669
3111
2675
2680
2681
2686
2694
2695
2697
2708
2709
2715
2719
2718
2717
2720
2721
2723
2725
2726
2730
2735
2738
2743
2746
2745
2748
2752
2763
2772
2773
2775
2766
2769
2952
2776
2777
2782
2784
2786
2787
2789
2793
2792
2794
2796
2801
2803
2807
2806
2804
2805
2809
2808
2815
2817
5589
5588
2829
2830
2896
2841
2846
2847
2854
2853
2838
2848
2852
2862
2895
2883
2866
2871
2869
2872
2873
2874
2979
2918
4535
4258
2904
2905
2906
2947
2907
2909
2913
2917
2922
2926
2927
2929
2928
2938
2939
2940
2941
2942
2958
2959
2962
2961
2977
2975
2976
2987
2986
2983
2980
2981
2988
2990
2992
2991
3031
3032
3003
3010
3012
3014
3112
3029
3072
3086
3059
3041
3040
3033
3028
3034
3035
3036
3037
3043
3044
3045
3046
3047
3051
3061
3180
3103
3081
3090
3159
3071
3088
3089
3079
3101
3107
3102
3104
3109
3140
3117
3146
3118
3149
3121
3122
3123
3124
3126
3130
3129
3132
3136
3137
3138
3144
3182
3145
3161
3250
3198
3164
3169
3470
3170
3200
3181
3189
3174
3177
3178
3179
3186
3192
3194
3199
3202
3203
3205
3204
3379
3221
3213
3227
3217
3214
3218
3222
3279
3228
3229
3232
3254
3272
3235
3252
11586
11587
11588
11589
11590
11367
11591
11592
11593
11594
11595
11596
11597
11407
10978
4237
11600
11601
11602
11603
11604
11605
11606
11126
10573
8735
11609
11610
11611
11612
11613
11614
11615
11155
11616
11617
5975
7414
8814
11208
11420
11326
11621
11622
11624
11625
11626
11627
11628
11629
11630
11631
11633
11634
11635
11636
11637
11638
11639
11640
11641
11642
11643
11644
11645
11646
11647
11648
11649
11650
11580
9381
425
11652
9325
9724
11657
11658
11659
11660
11661
11662
11663
10153
7724
7626
11667
11668
11669
11670
11671
11674
11675
11676
11677
11678
11679
11680
11681
11682
11683
11684
11685
11686
11687
2257
6522
9629
11691
11692
11693
11694
11695
11696
11697
11698
11699
11700
11701
11702
11703
11704
11705
11706
11707
11708
11709
10727
3865
11712
11713
11714
11715
11716
77
421
538
964
1130
1155
1297
1635
1698
1763
1858
1911
1932
2016
2086
2098
2133
2148
2155
2467
2578
2600
2685
2693
2736
2770
2844
2856
2919
2925
2930
2932
3023
3057
3116
3158
3163
3176
3266
3291
3346
3360
3363
3401
3449
3450
3456
3464
3537
3551
3564
3567
3569
3624
3629
3693
3694
3760
3814
3815
3820
3908
3910
3932
4035
4070
4095
4096
4109
4110
4185
4222
4234
4236
4240
4264
4274
4286
4300
4301
4322
4434
4445
4526
4578
4587
4590
4597
4632
4662
4673
4678
4705
4710
4729
4745
4772
4782
4813
4906
4966
4977
4990
5008
5019
5035
5036
5040
5089
5111
5133
5135
5136
5166
5167
5169
5199
5203
5215
5225
5230
5246
5285
5293
5331
5333
5375
5394
5396
5430
5472
5485
5488
5534
5553
5605
5656
5668
5671
5795
5893
5903
5955
5958
5997
6001
6064
6067
6069
6111
6152
6158
6169
6174
6353
6370
6379
6404
6424
6432
6434
6439
6458
6471
6495
6500
6508
6512
6529
6566
6578
6595
6637
6676
6769
6784
6792
6796
6808
6813
6826
6831
6853
6861
6863
6891
6892
6917
6922
6936
6980
6998
7023
7028
7090
7111
7210
7227
7237
7272
7298
7329
7377
7389
7390
7413
7417
7431
7455
7500
7513
7514
7539
7542
7553
7558
7570
7608
7616
7651
7685
7699
7704
7742
7795
7798
7806
7811
7815
7832
7860
7890
7953
7958
7964
7966
7969
8001
8011
8027
8040
8044
8068
8069
8074
8078
8085
8111
8127
8158
8162
8179
8232
8248
8296
8297
8314
8355
8378
8420
8429
8436
8442
8492
8497
8498
8528
8531
8532
8629
8633
8635
8737
8741
8773
8779
8824
8831
8860
8888
8914
8920
8922
8935
9022
9052
9063
9066
9186
9225
9234
9252
9257
9300
9393
9481
9507
9532
9561
9595
9620
9637
9660
9682
9684
9700
9704
9723
9766
9793
9797
9801
9828
9950
9992
10015
10053
10054
10148
10198
10212
10220
10227
10244
10277
10320
10416
10434
10495
10547
10606
10608
10671
10684
10687
10697
10729
10846
10855
10874
10968
11029
11053
11128
11148
11227
11253
11282
11560
5377
5860
7948
11722
11724
11725
11726
11727
11429
11721
10665
11730
11731
11732
11733
4728
11743
11747
11748
4792
9323
6953
11744
1945
10078
11759
11760
11761
11762
11544
4582
5056
10618
11776
8911
10057
11763
11719
11224
8249
9376
11814
2747
4661
4667
6205
6457
8620
9254
9664
1367
9772
11454
4112
4467
7123
11584
4381
10810
11856
11585
24
11868
9207
5855
5892
1310
3819
9347
11372
2066
6898
7371
7848
9152
10854
10856
432
2248
7526
11882
10209
5611
1602
4055
11892
1337
2216
10596
11786
2360
5961
11904
8899
10257
8943
11906
1567
3288
8959
8963
11389
3689
7680
10816
8998
8603
9402
2676
10735
3151
3656
11859
8570
10096
3053
8711
5065
6115
7031
11925
11936
11949
4251
10644
374
10039
9216
4192
5425
9695
11978
11984
4223
5730
5738
10543
11818
3840
10296
7366
9982
7476
1762
11977
5286
10240
3462
6946
10762
7521
10019
6382
9745
7717
5718
6106
6362
4490
3171
5673
6632
7701
11293
3008
8051
2586
5894
8023
3175
5798
12054
8948
12155
4269
4341
4407
4581
5957
6193
6733
7956
8093
8747
10615
11889
10010
4350
4503
5371
6867
11998
7766
8470
9588
9729
8036
10922
11723
8435
12207
11354
2642
5695
3084
4935
5368
7575
9947
12192
6538
12086
12223
5633
6979
11508
11632
11812
9129
12233
12234
7858
7099
6711
8693
6651
10298
12228
7456
8734
12248
12254
11174
1603
6887
11327
12258
10882
10186
8656
12270
12271
11542
12284
4469
10651
10033
11718
11275
6771
10266
7128
7576
12304
12305
12306
3056
4293
11752
12310
12311
12312
12313
12314
12315
12316
12317
10111
5078
7410
7749
12321
12322
12323
12324
12326
12327
12328
12329
12330
12331
12332
6463
1122
4471
7286
12337
12338
12339
12340
12341
10656
7434
12344
12345
12346
12347
12348
12349
12350
12351
12352
12353
12354
12355
12356
12357
12358
12359
12360
3845
5510
9247
9731
12365
12366
12367
12368
12369
10451
10612
7046
12372
12374
10108
12375
12376
12378
12379
12380
12381
12382
12385
12386
12389
12390
12391
12392
12393
12394
12395
12396
12397
12398
12399
12400
12181
12242
4965
10374
9692
3094
6015
9792
9993
6039
3334
6242
6905
8657
15197
5976
6417
3481
9991
26571
29287
14815
14950
15147
15188
11119
3702
4104
5058
6793
26292
9734
41037
41052
14658
14664
14744
14961
14721
3465
4781
5027
49495
49591
49765
49784
52343
52420
52492
15045
11138
11728
3467
3984
2956
3755
11790
84307
84322
84387
84458
87067
87196
10649
8252
98869
99005
14667
14819
10893
10101
6381
6943
11509
11765
107537
107644
107705
110278
110318
110586
29609
46930
14960
15196
10369
9162
52720
52722
121999
122164
122209
122392
41167
15010
15200
81610
81641
4463
4794
11345
8336
70070
130758
11561
38277
5607
10261
8309
12407
2903
4339
4932
52657
4742
5151
5552
11735
11757
12333
4295
9042
175177
11071
26601
12212
7572
84537
186781
14949
15180
10242
2641
385
10364
7645
201456
201477
201533
201563
201656
201740
201813
104898
96191
14742
15014
10124
5479
5921
6624
52717
169430
41166
210198
210238
210277
210285
210306
210346
210380
210430
210461
210550
210647
14832
15201
163082
6626
4131
7592
8344
8369
8370
8417
8427
8472
8503
8513
8525
8529
8548
8578
8650
8677
8689
8720
8746
8818
8821
8852
8858
8859
8882
8934
8954
8961
8975
8971
8984
9017
9002
9021
9033
9068
9155
9236
9278
9359
9430
9431
9427
9476
9522
9521
9525
9524
9122
9528
9526
8547
4125
6346
8118
9531
9534
9533
9560
9557
9556
9559
9553
9552
9555
9554
9549
9550
9551
9544
9545
9547
9540
9541
9542
9543
9536
9537
9538
9539
1433
3231
9567
9566
9563
9562
9568
6735
6592
9297
9571
6758
9587
9586
9585
9582
9583
9580
9581
9578
9579
9576
9577
9574
9575
9590
9337
9599
9598
9597
9596
9594
9593
9592
9591
9601
9600
9603
4359
8082
9518
9605
9604
9606
9608
9616
9617
9611
9610
9613
9612
9615
9614
6444
7168
9621
9622
9625
9626
9627
9628
9630
9631
9632
9635
9634
9633
9639
9638
9636
9643
9642
9641
9640
9644
9658
9659
9662
9663
9661
9665
9667
9666
9669
3948
6816
8215
3406
5210
2491
6532
6783
9107
9317
9685
9681
9688
9676
9679
9678
9673
9672
9675
9690
9691
5015
6890
8182
9693
9701
9699
9698
9697
9696
3410
7508
9715
9712
9703
9711
9710
9709
9708
9707
9706
9705
4928
5433
6987
9730
9726
9727
9722
9720
9721
9735
9467
9742
9740
9741
9738
9739
9736
2374
7177
8726
9747
8964
3750
9482
9759
9757
9755
5723
8933
9779
4759
4505
9295
9785
4802
9624
9789
3673
6899
9802
9803
7600
9824
4571
6156
7300
9832
4026
3692
5759
6586
9466
9859
2863
7353
8473
9861
9860
6051
6734
2724
9886
9893
9895
9894
9158
9903
9902
9917
6372
6201
1349
6429
1730
6433
5326
4947
4248
93
895
2397
3024
3803
6445
6488
5105
1856
2933
3992
4613
3677
6049
3595
2774
4927
6539
8857
3246
3962
5459
6452
1079
2758
4306
9324
10118
2554
2671
2839
3038
4840
2902
4568
2568
3249
3425
2482
2550
4843
1897
5878
2014
6219
913
1849
1975
2474
2544
2780
2870
3119
3320
3424
3524
3787
4152
3883
4388
5226
5556
5518
5647
5811
1378
3185
6264
6535
6528
6487
2047
2687
2899
3134
3589
4033
4324
4404
4933
5032
5345
5549
5645
6249
6534
6525
6462
3590
2771
6389
4637
4920
5122
6747
387
428
1334
1524
2668
2985
2953
2960
2849
2875
2819
3165
3571
3498
3957
4551
4277
4924
5063
4629
5602
5515
5355
5266
5919
6037
6030
6410
7121
6705
7623
7567
7571
7489
7438
7231
8190
8022
7940
7982
7823
7718
9164
9121
8254
8398
8388
8477
8642
9339
9382
9500
10592
828
1162
2345
2462
3646
163
2476
4214
4566
1253
3600
4709
10661
3083
4281
9784
10635
3954
10980
10982
6729
6757
6721
6713
6695
8645
9025
9787
9810
9909
9928
10384
10381
10327
10325
10324
10318
10293
10294
10299
10301
10273
10496
10497
10647
6700
6873
6911
7058
7101
7061
7050
7205
7197
7256
7315
7316
7350
7356
7365
7382
7445
7461
7499
2634
3215
10646
1261
5898
2204
6422
3923
4657
2040
2061
10583
7380
4636
4915
7292
7555
2393
3356
6650
6531
2607
3482
3759
4668
2258
7422
4184
6670
7013
7202
5951
3930
6238
4059
147
11009
11027
11028
11006
11024
11026
317
11005
124
10734
10733
10742
10740
10741
10738
10739
10736
10737
10985
10986
10987
10988
10989
10990
11022
11023
11106
11107
11108
2101
3234
3302
3426
3617
3827
3881
4060
4028
4075
4230
4905
4914
5101
5381
5740
5804
6003
6489
6601
9138
9780
10170
10346
10378
10377
10410
10305
10295
10557
10766
10770
10772
10773
10774
10775
10776
10777
10779
10780
10781
10782
10783
10784
10785
10787
10788
10789
10790
10791
10792
10793
10794
10795
10796
10797
10798
10799
10800
10801
10802
10803
10804
10805
10806
10807
10808
10809
10811
10812
10813
10814
10815
10817
10818
10819
10820
10821
10822
10823
10824
10825
10826
10827
10828
10829
10830
10831
10832
10833
10834
10835
10836
10837
10838
10839
10840
10841
10842
10843
10845
10847
10848
10849
10850
10851
10852
10853
10857
10858
10859
10860
10861
10862
10863
10864
10866
10867
10868
10869
8112
2707
3015
7762
9936
9939
9937
9940
9942
9943
9941
9946
9944
9945
9948
9949
9953
9952
9955
9954
9956
9959
9958
9961
9960
9963
9962
9965
9951
9967
9966
9969
9970
9972
9973
9974
9975
9977
9979
9980
9981
9983
9989
9990
9984
9985
9986
9987
9995
2533
10005
10004
10007
10001
10000
10002
9996
9997
9999
10009
10008
10011
10021
10018
10016
10017
10013
10012
10014
10026
10027
10024
10025
10022
10023
10038
10037
10035
10034
10032
10030
10031
10029
10047
10046
10045
10044
10043
10042
10041
10040
10049
10050
10052
10056
10058
10055
10082
10083
10080
10081
10086
10085
10073
10072
10075
10074
10077
10076
10079
10064
10104
9978
10020
9988
10106
10166
10167
10165
10162
10163
11241
11242
11301
11305
11309
2811
11321
11322
11323
11324
11325
11433
11441
11450
11453
11497
11545
11599
11607
11618
11619
11651
4276
11654
11655
11664
11666
11688
11734
11750
11754
11764
11766
11767
11768
11778
11779
11780
11781
11783
11784
11785
11787
11788
11789
11791
11792
11794
11796
11797
11798
11800
11801
11803
11804
11805
11806
11807
11808
11809
11810
11811
11815
11816
11817
11819
11820
11821
11822
11823
11824
11825
11826
11827
11829
11830
11831
11832
11833
11836
11837
11838
11839
11840
11841
11842
11843
11846
11847
11848
11854
11860
11861
11862
11863
11864
11865
11866
10241
11869
11870
11871
11872
11873
11875
11876
11877
11878
11883
11884
11885
11886
11887
11888
11893
11897
11905
11909
11912
11913
11916
11917
11918
11923
11926
11931
11932
11934
11937
11938
11939
11940
11941
11942
11943
11944
11945
11946
11947
11950
11951
11952
11953
11954
11955
11956
11957
11961
11962
11963
11964
11965
11966
11967
11968
11969
11970
11971
11972
11973
11974
11975
11976
11983
11987
11990
12005
12006
12022
12023
12026
10743
12042
12043
12044
12084
12085
12106
12109
12113
12121
12146
12147
12151
12161
12170
12173
12174
12175
12184
12187
12188
12189
12190
12196
12197
12200
12205
12213
12214
8665
8702
8701
8710
8718
8719
8724
8740
8800
8819
4039
8937
8936
8939
9058
9075
9074
9073
9083
9087
9088
9097
9133
9215
9226
9290
9293
9260
9275
9277
9279
9265
9460
9497
2100
2108
2183
2264
2428
2957
2674
3538
3607
4069
4259
4310
6057
9530
9535
9565
9570
9569
9589
9607
9619
6230
9686
9687
9680
9683
9689
9671
9694
9714
9717
9718
9737
9743
9746
9744
9758
9754
9753
9752
9751
9750
9749
9748
9773
9774
9775
9768
9769
9770
9771
9764
9765
9767
9760
9761
9762
9763
9777
9776
9778
5869
9786
9781
9783
9782
9788
9791
9790
9794
9800
9806
9807
9804
9805
9795
9798
9799
9796
9811
9808
9813
9812
9825
9826
9819
9818
9817
9816
9823
9822
9821
9820
9815
9814
9829
9833
9834
9835
9836
9837
9838
9839
9830
9831
9849
9848
9851
9850
9853
9852
9855
9854
9840
9843
9842
9845
9844
9847
9846
9857
9856
9858
9863
9862
9869
9868
9867
9866
9865
9864
9871
9870
9878
9876
9877
9874
9875
9872
9873
9880
9881
9887
9884
9885
9882
9883
9888
9892
9889
9891
9890
9897
9896
9898
9901
9900
9899
9908
9910
9911
9904
9905
9906
9907
9912
9916
9918
9919
9913
9914
9915
9922
9921
9920
9927
9926
9925
9924
9930
9929
9931
9934
9933
9932
6182
3961
10112
10114
2894
2567
10150
10171
10168
10169
10184
10362
10343
10338
10339
10348
10349
10350
10351
10344
10345
10509
10510
10511
10584
10591
10574
10575
10580
10582
10577
10576
10579
10578
10589
10590
10585
10593
2749
10598
10597
10594
10595
10599
10607
10604
10605
10600
10601
10611
10610
10609
10616
10617
10625
10624
10627
10626
10629
10630
10621
10619
10633
10632
10634
10636
10631
10637
10639
10648
10640
10641
10642
10643
10645
10650
10652
10653
10654
10655
10660
10065
10667
10664
10670
10669
10668
10659
10657
10663
10662
10685
10672
10673
10674
10675
10676
10677
10678
10679
10680
10681
10682
10689
10692
10693
10694
10695
10696
10699
10700
10701
10702
10703
10705
10707
10708
10709
10710
10711
10712
10713
10714
10715
10717
10718
10719
10720
10721
10722
10723
10726
10725
10724
10732
10731
10730
10393
10398
10387
10394
10395
10392
10467
10466
10109
10173
10386
10385
10390
10391
10388
10389
10379
10376
10383
10382
10380
10371
10370
10368
10375
10373
10372
10424
10425
10426
10427
10428
10429
10430
10431
10417
10418
10419
10420
10421
10422
10423
10409
10408
10411
10413
10412
10415
10414
10401
10400
10403
10402
10405
10404
10407
10406
10326
10323
10321
10335
10334
10333
10332
10331
10330
10329
10328
10310
10311
10308
10309
10306
10307
10304
10319
10316
10317
10314
10315
10312
10313
10357
10356
10359
10358
10353
10352
10355
10354
10365
10367
10366
10361
10360
10363
10341
10347
10259
10258
10263
10262
10260
10267
10265
10264
10271
10270
10269
10268
10243
10246
10247
10245
10250
10251
10248
10249
10254
10252
10253
10289
10291
10292
10297
10303
10302
10272
10274
10275
10276
10278
10279
10280
10281
10282
10283
10284
10285
10286
10287
10564
10565
10566
10560
10561
10562
10563
10499
10500
10501
10502
10503
10504
10505
10506
10507
10508
10512
10515
10514
10517
10516
10519
10518
10521
10520
10523
10522
10525
10524
10527
10526
10530
10531
10528
10529
10534
10535
10532
10533
10538
10539
10536
10537
10542
10540
10541
10546
10545
10544
10551
10550
10549
10548
10555
10554
10553
10559
10558
10556
10567
10572
10568
10569
10570
10571
10587
10586
6818
10979
10976
10977
10975
10974
6692
6554
6759
6647
6639
6602
6720
6830
6913
6903
6883
6900
6895
6881
6904
6832
6902
6910
6921
6864
6877
6849
6828
6866
6852
6870
6907
6858
6837
6888
6879
6834
6886
6846
6914
6923
6919
6827
6842
6869
6839
6844
6893
6833
6874
6875
6838
6854
6840
6884
6909
6856
6908
6916
6841
6862
6885
6915
6847
6836
6860
6889
6855
6865
7091
7015
6984
6977
7097
7043
7088
6950
7054
6974
6940
7083
6994
6997
7095
7074
7080
6988
7071
7001
7006
6971
7072
6989
6932
6959
6949
6931
6944
7003
6957
7056
6999
7065
7035
6947
7086
7057
7073
7082
7040
6958
7045
7007
7002
6927
7030
6965
6962
6928
6996
7021
7096
7078
7081
6939
7036
6972
6991
7070
7067
7010
7085
7052
6941
7084
6930
6952
6945
6967
7034
6933
6970
7062
7009
7066
7000
7037
7055
7017
6990
7041
7042
6968
7064
7039
7029
6934
6935
7102
7032
7022
7059
7053
7063
7060
7018
7025
7068
6963
7012
7019
7005
7076
7093
6937
6960
6964
7049
6973
6938
6986
7087
6951
6993
7016
6982
6995
7092
7075
7008
7033
6955
7048
7026
6966
6978
7098
6948
7014
7011
6954
6956
7069
7077
7089
7004
6992
7103
6985
7139
7132
7020
7115
7112
7105
7120
7122
7117
7119
7138
7124
7134
7133
7106
7114
7108
7137
7129
7135
7116
7136
7131
7125
7107
7110
7113
7109
7126
7149
7154
7165
7175
7176
7152
7157
7166
7148
7153
7164
7150
7169
7161
7167
7171
7160
7162
7172
7174
7178
7170
7155
7156
7159
7187
7181
7206
7184
7180
7196
7193
7183
7191
7188
7200
7203
7199
7207
7208
7182
7189
7185
7209
7192
4501
10686
10688
10690
10746
10747
10744
10745
10748
10749
10750
10751
10752
10753
10754
10755
10756
10757
10758
10759
10760
10761
10763
10765
10767
10768
10769
10771
9935
10067
10066
11292
11302
4221
11315
11317
11318
11319
11331
11328
11329
11330
11332
11333
11334
11335
11337
11338
11339
11340
11341
11343
11344
11346
11442
11472
11488
11489
11523
11527
11552
11553
11571
11598
11608
11620
11623
11656
11689
11710
11711
3193
3849
3906
3986
5946
11720
11729
11736
11738
11739
11740
11742
11745
11746
11749
11753
11755
11756
11758
11769
11770
11771
11772
11773
11774
11775
11777
11782
11795
11799
11813
11834
11835
11844
11849
11850
11851
11852
11853
11855
11857
11858
11867
11874
11879
11880
11891
11895
11898
11902
11907
11910
11911
11914
11920
11921
11922
11924
11927
11928
11929
11935
11948
11958
11959
11979
11980
11981
11982
11985
11986
11988
11989
11991
11992
11993
11994
11995
11996
11997
8184
8194
8195
8192
8193
8198
8199
8196
8197
8200
8201
8187
8189
8188
8191
8202
8206
8204
8205
8207
8211
8210
8209
8208
8214
8213
8212
2900
532
624
2024
2266
2145
3542
3396
3740
4697
8228
8229
8230
8231
8159
8235
8236
8237
8238
8239
8241
8240
8242
8245
8244
8247
8246
8256
8250
8253
8255
8260
8258
8259
7682
8263
8261
8270
8268
8269
8266
8267
8264
8265
2260
6872
8271
1320
8278
8277
8276
8275
8274
8273
8281
8280
8286
8285
8283
8287
8288
8289
8290
8291
3489
7437
8293
8295
8300
8301
8302
8298
8299
8305
8304
8307
8306
8308
8311
8317
8316
8319
8318
8315
8322
8321
8320
8323
8324
8186
8330
8329
8328
8327
8326
8325
8046
1272
1577
8335
8332
8338
8339
8337
8342
8343
8341
736
8347
8345
8350
8351
8348
8349
2492
8352
8354
8356
2057
6259
2937
8363
8362
8365
8364
8367
8366
8359
8358
8368
8371
6055
8376
8377
8379
8380
8381
8382
8383
8372
8373
8375
6098
8397
8395
8394
8393
8392
8391
8390
8389
8387
8386
8385
8400
8401
8408
8406
8407
8404
8405
8402
8403
5414
2209
2481
8411
8409
8414
8415
8416
5519
5920
8423
8422
8419
8418
4438
8428
8431
8430
8425
8424
8426
7593
8440
8437
8438
8439
8432
8433
8434
8444
8443
2914
4741
8447
8448
8449
8452
8453
8454
8455
8456
8457
8458
3172
8464
8459
8461
8462
8468
2859
8474
8476
6509
8482
8483
8480
8481
8486
8487
8484
8485
8488
8490
8491
8489
8499
8496
8501
8500
8494
8493
3825
8505
8504
8507
8508
1427
8517
8518
8519
8512
8514
8515
8524
8526
8520
8521
8522
8523
8511
8510
8535
8534
8530
8541
8540
8537
8536
8539
8538
8543
8542
8551
8549
8546
8544
8545
8554
8552
8553
8556
2997
7818
8284
4226
8560
8558
4953
8566
8565
8564
8563
8573
8572
8571
8569
8568
8575
8574
8577
8576
2048
5043
8587
8586
8579
8581
8580
8583
8582
2594
8593
8594
8595
8596
8598
8589
8591
8590
3860
3106
8602
8604
8605
8606
8607
8616
8611
8610
8609
8608
8615
8614
8613
8612
4961
8618
5341
8641
8640
8634
8638
8639
8636
8637
8626
8627
8624
8625
8630
8631
8628
8622
8621
7510
2573
8644
8646
8643
8660
8661
8658
8659
8653
8652
8655
8654
8649
8647
3362
1212
8662
8668
8669
8670
8671
8666
8667
8679
8678
8676
8675
8674
8673
8672
8680
8682
8681
2328
3277
5610
8698
8699
8697
8694
8695
8692
8690
8691
8688
8687
8686
8685
1096
8704
8705
8703
2901
8708
8709
8707
8716
8717
8714
8715
8712
8713
3520
8003
3442
6082
8725
8723
8722
8721
8727
8733
8731
8730
8729
8728
6036
8742
8743
8736
8738
8744
8745
8748
8749
8750
8751
8757
8756
8759
8758
8753
8755
8761
8760
8762
4157
8460
8765
8763
8782
8770
8771
8768
8769
8774
8775
8772
8778
8777
8783
8780
8781
8787
8786
8785
8784
8790
8789
8788
8767
8766
3613
8801
8802
8803
8804
8805
8806
8807
8808
8795
8794
8793
8792
8799
8798
8797
8796
8809
8451
8810
8811
8812
8813
8815
8816
5168
2125
8820
8822
8823
8825
8826
8829
8828
8830
8843
8842
8841
8840
8839
8838
8837
8836
8835
8834
8833
8832
7834
8847
8846
8845
8844
8853
8850
8851
8848
294
7895
8855
8865
8864
8867
8866
8862
8863
8861
623
8175
8877
8879
8878
8873
8875
8874
8869
8868
8871
8870
8880
8881
8550
8617
8884
8885
8883
8889
8890
8887
1222
8898
8897
8896
8900
8892
8893
8894
8895
8891
8907
8906
8905
8904
8903
8902
8901
8910
8909
8923
8921
8915
8912
8913
8916
8917
3884
3837
5891
8938
8929
8928
8931
8930
8932
8926
8927
8924
8925
8940
8942
8952
8953
8944
8946
8947
8949
8950
8951
8955
8956
8957
8958
8965
8966
8967
8960
8962
8968
8969
8970
8972
8973
8974
8981
8980
8983
8982
8977
8976
8979
8978
8989
8988
8990
8985
8987
8986
8991
1899
8999
8996
8994
8995
8992
9000
859
9013
9012
9011
9010
9009
9008
9018
9016
9006
9007
9004
9005
9003
9001
9019
7334
5456
7094
9024
9026
9027
9028
9029
9030
9023
9020
9031
9032
9034
9035
9036
9037
9038
9041
9040
9043
9045
9044
9047
9046
9049
9048
9051
9050
9053
9039
8096
9056
9057
9055
1940
3076
4260
8732
9062
9061
9067
9064
9065
4211
6821
4045
9072
9078
9077
9070
9071
9069
8559
9082
9081
9080
3843
9086
9084
4426
3271
9092
9094
9091
9090
8817
9098
9095
9112
9113
9114
9108
9109
9110
9111
9104
9105
9106
9101
9102
9099
9116
9115
9132
9131
9130
9128
9127
9126
9125
9124
9123
9120
9117
9118
9119
2549
6334
9136
9137
9135
9134
9142
9140
9141
9139
9148
9146
9147
9144
9145
9143
8463
9154
9156
9150
9159
7024
9168
9169
9171
9172
9173
9174
9175
9161
9160
9163
9165
9166
9153
9151
9149
9187
9184
9188
9176
9177
9178
9179
9180
9181
9182
9183
9202
9203
9200
9201
9204
9195
9194
9193
9192
9199
9198
9197
9191
9190
9189
9210
9211
9208
9209
9206
9205
4937
8739
9214
9212
9213
3785
9227
9224
9230
9231
9228
9229
9218
9219
9217
9222
9223
9220
7597
6383
8945
9235
9233
9232
9243
9242
9241
9240
9246
9245
9244
9239
9238
9248
9249
1425
3166
9258
9253
9255
4931
9196
2030
1316
3367
1450
4074
7447
1368
2984
6689
1423
2884
4427
100
8557
1788
9286
8597
9259
9263
9272
9264
9267
9269
9268
9271
9270
9294
9292
9287
9284
9285
9283
9280
9281
9311
9310
9309
9308
9307
9306
9305
9304
9303
9301
9298
9296
9326
9320
9321
9322
9316
9318
9319
9312
9313
9314
9315
9341
9340
9343
9342
9336
9338
9333
9332
9335
9334
9329
9328
9331
9330
9346
9345
9344
9351
9350
9349
9348
9355
9354
9353
9352
9358
9357
9356
9362
9363
9360
9361
9366
9367
9364
9365
9370
9371
9368
9369
9375
9372
9373
9377
9379
9378
9380
9383
